--------------------
Confusion Matrix is  [[  0   3  13   5   2  28   1 113   0   2 152   0   2   2  10 192 189   6
   79   0]
 [  3 108  47  25  21   7   3   6 184 124   1  35  12 306   0   7   1  50
    6  27]
 [  1  41  40  14   8   0   4   3 340  67   0  51   3 325   0   3   0  18
    4  63]
 [  4 106  25  19  25   1   7   0  43  49   1 330   4  72   0   0   0  16
    7 273]
 [  3 139  16  13  49  15   2   3  18  41   0 171  12  84   0   0   1  16
    6 374]
 [  6  36  65  36   9   3  20   3 335 134   0  18   2 286   0   2   1  28
    0   4]
 [ 11 105  73  15  76  22   3   1  12   8   0  95  48  92   0   2   3  18
   16 375]
 [  7  18 146  27 343  55   5  20   5  21   3  11  20  40   1   4   2  55
  185  22]
 [ 23  11 208  29 262  18   1  56   0  77   9  14  43  21   5   7   5  40
  142  25]
 [205   9  44   9  86   9   0   2   0   2   0   0 559  20   0  16   1  17
   15   0]
 [443   1  11   6  12   2   0   0   0   4   0   0 505   2   0   6   1   4
    2   0]
 [  2  51  12  17   0  19 712  12   5  57   0   7   2  10   5   3   0  66
   11   0]
 [ 10 299  79  53  91  19  15  10   6  67   1  45  17  92   0   2   8 114
   18  38]
 [  6  44  85  37  99 172   1  29   1  14   2   1  21  74   9  46  23 140
  184   2]
 [  2  20  29 679  22  23   2  27   1  19   0   2   4  25   0  12   4  99
   15   2]
 [  1   5   5  12   2   8   1  71   0   7 247   1   5  14   0 317 290   6
    5   0]
 [  4   8  50  11  42 250  21  29   1   2   3   0   1   1 192  24   5  44
  222   0]
 [  3   2   6   0  13 362   0  21   1   1   1   0   9   7 364  31   5   8
  106   0]
 [  2   9  17  28  18 142   9 175   0  11   4   1   5   8  86  36  15  75
  133   1]
 [  1   6  12   5   7  45   1  31   2   0 167   0   1   5  19 144 110   9
   63   0]]
--------------------
--------------------
Homogeneity: 0.376
Completeness: 0.380
Adjusted Rand-Index: 0.205
V-measure: 0.378
Adjusted Mutual info score: 0.374
--------------------
