--------------------
Confusion Matrix is  [[ 21   0   0   3   0  22  70 205   1  33   0 245   8   1  59   3  31  95
    2   0]
 [  0   0   7  20 145  24  20   1  23   0 148   0  41   2   7 121 116   6
  277  15]
 [  0   0   2  10 220  23   3   0  46   0 210   0  18   1   2  66  33   5
  317  29]
 [  0   3   1  16  51  27  13   1 293   0  66   0  40   3   4  45  43   2
   88 286]
 [  1   2   7  11  33  26  50   0 403   0  27   0  46   1   6  39  77   6
   87 141]
 [  0   5   1  31 158  19  11   1   1   1 306   0  18   6   1 128  39   1
  251  10]
 [  0  11  39  12   9 107 147   0 329   1  23   1  51   0   9   4  78   5
   71  78]
 [  9   5   7  24   3 159 105   3  19  43  20   0 214   4 242   9  72  31
   14   7]
 [  3  14  22  27   0 221  54  17  21  77  18   0 188   1 162  12  31 114
    6   8]
 [  0 193 494   7   0  90  40   0   0   1   7   0  70   0  45   1  29   3
   13   1]
 [  1 444 496   3   0  22   9   0   0   1   1   0  10   0   4   1   4   2
    1   0]
 [ 17   2   1  24   6  17  21   0   0  19  18   0  24 693  20  32  51  21
   17   8]
 [  1   8  11  47  30  67  68   3  81  14  44   0 166  16  19  58 223  15
   77  36]
 [ 23   4  11  35   4  83 145   4   4  52  22   6 147   1 161  11 211  24
   41   1]
 [  5   3   3 650   6  31  38   2   1   2   8   0  70   3  16  12  85  30
   20   2]
 [  6   1   2  12   1   1  32 231   0   7   0 586  22   1   6   7  34  37
   10   1]
 [245   1   1  11   1  27  29   5   0 254   3   5  25   8 231   1  35  27
    1   0]
 [619   0   2   0   2  18  36   2   0 101   1  12   9   0 100   0  22  15
    1   0]
 [141   2   8  27   1  12  37   6   0 103   2  14  26   5 154   0  61 172
    4   0]
 [ 23   1   2   5   0  12  56 197   0  41   6 142  17   2  66   0  28  28
    2   0]]
--------------------
--------------------
Homogeneity: 0.373
Completeness: 0.377
Adjusted Rand-Index: 0.206
V-measure: 0.375
Adjusted Mutual info score: 0.371
--------------------
