--------------------
Confusion Matrix is  [[  5   2  98 244   0  38  51   0  13   1   0   1   5 202  17   0   3  98
    1  20]
 [ 24   9   2   0  19  84   3   9  31   0 315   2 147   1  16  31 114   7
   63  96]
 [ 12   4   2   1  38  27   0  11  19   0 462   4 198   0   7  50  59   6
   58  27]
 [ 14   1   2   0 286  31   0   4  21   0  66   6  57   0   9 261  42   0
  171  11]
 [ 14   8   0   0 279  80  12   3  18   0  36   1  21   0  17 159  37   4
  256  18]
 [ 35   2   2   1   2  50   3   7  26   0 344  16 303   1   8  19 125   3
   12  29]
 [ 13  37   3   1 240 178  12  17  25   0  24   2  49   1  44  98   7   1
  193  30]
 [ 23   9  82   2   8 100  43   8 154   0   4   7  79   1 325  28  17  24
   32  44]
 [ 25  16  67   1  15  53  17  32 169   0   0   2  91  13 304  35  43  81
   14  18]
 [  5 473   0   0   0  37   5 203  43   0   0   0  18   0 172   1   2   2
    7  26]
 [  3 497   0   0   0   6   0 441  13   0   0   0   6   0  25   1   1   0
    1   5]
 [ 17   1   9   1   0  16  18   2  31   4   9 729  20   0   6  10  36  10
   17  55]
 [ 47  10  11   1  24 111   9  14 129   0  35  20  59   2  59  54  59   9
  223 108]
 [ 34  10 110  12   1 125 111   7 136   2  18   2  44   5 117   6  11  25
   10 204]
 [613   3  14   2   0  43  16   7  64   1   4   3  20   1  18   4  12  29
    6 127]
 [  9   5   9 418   0  24  13   4  23   0   4   1   2 403   6   1   7  41
    4  23]
 [ 11   0 342  19   0   9 234   2  52  89   0  10  19   3  45   2   2  28
    1  42]
 [  0   1 136  27   0  25 322   1  11 350   0   0   2   0  27   0   1  15
    1  21]
 [ 21   5 166  17   0  20 128   2  43  40   1   6   5   8  48   1   8 171
    1  84]
 [  5   1  80 164   0  23  52   2  19   5   0   1  12 196  19   0   0  26
    1  22]]
--------------------
--------------------
Homogeneity: 0.370
Completeness: 0.373
Adjusted Rand-Index: 0.201
V-measure: 0.371
Adjusted Mutual info score: 0.368
--------------------
