--------------------
Confusion Matrix is  [[  0  83   1  92   0  74  14   1   0 187 132   1  65   7  46  95   0   0
    0   1]
 [  3 177  10   3  79  19  25   1   0   1 132   0  66   0   0  86   0 362
    1   8]
 [ 19  92   7   1 341  10   6   1   2   0  56   0  35   0   0  48   0 365
    0   2]
 [187 140  14   0  43  26  10   7  82   0 102   0  22   0   0 119   0 226
    3   1]
 [119 255   9   1   6  16   8   3  15   0 221   0  24   0   0  95   0 186
    1   4]
 [  0 118  15   0 103  20  24   1   0   0  81   0  73   0   0 107   0 419
   12  15]
 [ 79 291  10   3  10  26   5  19  10   1 311   0   1   0   0 138   3  67
    0   1]
 [  2 224  15  75   0  75   2   8   0   0 227   0  30   0   0 323   0   5
    0   4]
 [  2 178  20  28   0 161  26  20   0   3 134   0  85   0   0 336   0   1
    0   2]
 [  0 106   3   2   0  35   1 425   0   0 178   0   1   0   0 110 131   1
    0   1]
 [  0  36   3   1   0   8   1 443   0   0  73   0   1   0   0  28 405   0
    0   0]
 [  0  49  16  32   5  49  22   2   0   0  48 238  33   6   0  60   0  19
  401  11]
 [ 11 356  41   5   2  28  22  13   1   0 168   0  39   0   0 200   0  79
    6  13]
 [  0 361  31  97   2  25   5   4   0   5 209   0  23   2   1 219   0   4
    0   2]
 [  1 125 387  17   0  17   5   3   0   0  59   0  23   0   0  68   0   5
    0 277]
 [  0 152   3  29   1   8   5   0   0 462  43   0  22   1 201  68   0   0
    0   2]
 [  0  46   4 355   1 124   8   0   0   1  92   2   9 144   0 118   0   0
    3   3]
 [  0  70   0 369   0   8   2   0   0   2 103   0   3 340   2  40   0   1
    0   0]
 [  0  76  21 251   0  42  62   3   0   6  98   1  80  62   0  68   0   0
    1   4]
 [  0  90   5  78   0  37   2   0   0 146  82   0  21  16  68  81   0   1
    1   0]]
--------------------
--------------------
Homogeneity: 0.301
Completeness: 0.337
Adjusted Rand-Index: 0.111
V-measure: 0.318
Adjusted Mutual info score: 0.299
--------------------
