--------------------
Value of r =  1 

Confusion Matrix is  [[  1  87  53  46  21  68  12  13  20  67  81  31  24   0  79  46  63   0
    5  82]
 [ 46  55  10 113 102  30   2  71   3  89  50 120   5   2  22 119  68  22
    3  41]
 [ 17 115  29  93  50  36   3  49   4  99  75  75  16   0  38  95 107  23
    0  61]
 [ 28  84  31  92  74  63   1  49   2 106  86  95  13   0  32  79  93   3
    0  51]
 [ 34  84  24 101  73  47   2  42   1  85  73  92   7   0  38 100  97   2
    3  58]
 [ 78  52   6  82 129  23   1 112   1  78  49 117   5   0  16 107  80  16
    7  29]
 [ 56  54  10 108 102  27   0  96   0  78  70 110   3   0  10 127  81   4
    1  38]
 [ 25 105  27  96  84  53   1  60   9 105  74  75  14   0  32  84  93   2
    1  50]
 [ 16  84  10 103  80  29   0  43   2 130  70 101   6   0  40 118 119   0
    0  45]
 [ 27  92  18 108  60  49   1  42   8  75 106  86  21   0  39  88  91   5
    1  77]
 [ 45  87  11  95  84  46   1  56   5  96  85  89  11   0  29  92 104   7
    1  55]
 [  5 100  59  57  26 107  14  17  22  76 110  39  39   2  73  51  75   1
    3 115]
 [ 30  74   6 126 102  33   3  56   3 102  70  96   4   0  12 121  86   3
    0  57]
 [ 25  74   7  94 123  36   1  90   4  87  60 109   4   2  25 116  88   5
    1  39]
 [ 21  82  28 116  76  46   3  45   5 103  89  79  16   0  25  95  90   4
    0  64]
 [ 25  87  58  85  50  62  25  45  35  84  78  54  42   1  55  48  84   4
    4  71]
 [  5  92  59  51  23 102  15  17  37  34  98  48  48   0  80  40  68   0
    5  88]
 [ 23  88  23  95  63  72   7  33   6  92  85  70   9   1  30  68  89   2
    5  79]
 [  4  62  40  52  26  75  11  11  17  65  66  32  46   1  51  55  75   1
    6  79]
 [  7  52  34  40  29  65   8   9  13  50  56  40  23   0  45  33  51   1
    6  66]]
--------------------
--------------------
Value of r =  1 

Homogeneity: 0.028
Completeness: 0.031
Adjusted Rand-Index: 0.006
V-measure: 0.029
Adjusted Mutual info score: 0.025
--------------------
--------------------
Value of r =  2 

Confusion Matrix is  [[  3  62 109   1  20  55  12   1  49  61   5  15  41 123  30  91  30   6
   85   0]
 [219   0   0 112  40   0  83  35   0   4 222  27  14   0  36   0   0 164
   10   7]
 [157   0   2 236  33   0  38 119   1   1 254  18   8   0  19   0   0  95
    3   1]
 [209   0   0 196  44   0  26 118   0   0 239  25   3   0  11   0   0 107
    2   2]
 [212   0   0 180  62   0  40  60   0   0 236  40   6   0  19   0   0 105
    1   2]
 [200   0   0  98  45   0 102  38   0   1 180  11   5   0  52   0   0 245
    4   7]
 [211   0   0 162  24   0  80  67   0   1 227   9   6   0  22   0   0 164
    1   1]
 [104   0   9  37 142   4 109  12   7  27 105  61  54   0 155   0   0 122
   42   0]
 [121   0  10  29 136   1  82   5   6  14  81  27  72   0 192   0   0 129
   91   0]
 [117   0   3  37 150   5  89   6   1  28  86  50 102   0 151   0   0 105
   64   0]
 [131   0   3  44 130   4  91   4   4  18 122  30  74   0 147   0   0 161
   35   1]
 [ 23  10  81  22  82  53  43  11  35 111  28  53 143  15  98   8   2  14
  159   0]
 [188   0   1  69 120   0  84  14   2   0 161  45  18   0 105   0   0 154
   23   0]
 [ 85   1  44  17  69  10 180   3  73  27  38   9  49   7 137   4   0  83
  150   4]
 [126   0   9  32 135   8  92  11  11  28 112  44  71   1 139   1   0 105
   60   2]
 [  5 128  84   1   5  51  29   0 112  14   1   0  14 186  24 172  78   9
   84   0]
 [  8  52 144   5  34 100  26   0  70  87  10  13  66  74  30  57   9  15
  110   0]
 [ 15  32 115   4  34  31  34   0 122  29  14   5  21 205  32 126  11  20
   90   0]
 [  3  26 101   6  22  62  29   3  63  64   6  26  45  71  57  51   7  10
  123   0]
 [  7  64  62   7  22  38  27   0  59  16   6  14  22  76  24  87  35   6
   56   0]]
--------------------
--------------------
Value of r =  2 

Homogeneity: 0.168
Completeness: 0.180
Adjusted Rand-Index: 0.049
V-measure: 0.174
Adjusted Mutual info score: 0.165
--------------------
--------------------
Value of r =  3 

Confusion Matrix is  [[ 23   0 109   4   9 111   0  39  47   0   2  94 138  14 128   5   0  16
   38  22]
 [ 41  95   3  67 104   0 164  17   6 194  93   2   1   7   0  12  14 107
    0  46]
 [ 25 218   0  66  74   0 197   8   3 100 147   1   0   2   0  12  66  55
    0  11]
 [ 21 204   0  69  76   0 223  13   0 140 109   0   0  12   0   6  70  27
    0  12]
 [ 36  85   0 133 142   0 150  28   0 126 124   2   0  29   0  11   5  49
    0  43]
 [ 29  93   0  55  72   0 229  12   0 275  69   0   0   5   0   9  23  97
    0  20]
 [109  51   1 123 104   0  64  63   0 118  89   3   1  29   0   2   7  87
    0 124]
 [135   0  29  77 132   0  12  78  41 107  20  35   6  30   2   9   0 149
    0 128]
 [119   2  32  41 167   0  21  79  52 137  12  28   4  15   1  27   0 169
    0  90]
 [147   0  16  29  70   0   3 236   5  20   4 104   7  89   0   2   0  43
    0 219]
 [168   0  10  15  30   0   0 305   3   8   2  77   6 126   0   0   0  27
    0 222]
 [ 19 106  13  27  83   6 100  10  95 106  41  24  13   5   7 269  12  33
    1  21]
 [ 88  28   5 106 157   0  75  32   9 202  69   1   0  12   0  27   0 107
    0  66]
 [180   0 137  10  40   4   8  77  66  43   5  63  23  27  11   8   2 186
    0 100]
 [141   7  44  50 143   3  32  65  53  98  35  36  14  16   0  16   1 119
    0 114]
 [ 29   0 126   2   2 233   1   5  57   7   0  51 100   0 221   2   0  31
  110  20]
 [ 39   1 104   9  19  66   1  51 144  17   0 139 137  13  91  12   0  38
    9  20]
 [ 47   0 173   0   9  87   1  54  35   1   1 103 132  16 214   2   0  18
   13  34]
 [ 48   0 113  13  15  48   1  37  94   7   0 107  99  27  84   9   0  33
    8  32]
 [ 22   0  83   4   5 110   0  35  42  10   0  55  68  12  94   1   0  15
   55  17]]
--------------------
--------------------
Value of r =  3 

Homogeneity: 0.204
Completeness: 0.211
Adjusted Rand-Index: 0.065
V-measure: 0.207
Adjusted Mutual info score: 0.201
--------------------
--------------------
Value of r =  5 

Confusion Matrix is  [[  1   5   5  56 103   0  63  25   6   2  32   0   0   2  86 265  97   0
   48   3]
 [  9 206 121   2   1  73  20   2  16 115   0   4 205  66  37   0  10  12
   74   0]
 [  3 107  79   0   0 265   5   2   9 148   0   1 196  59  12   0   2  65
   32   0]
 [  7 127  91   2   0 175  16   2  17 128   0   0 231  70   9   0   4  82
   21   0]
 [  7 178 197   3   0  77  47   0   7 162   0   2 160  65  27   0   3   4
   24   0]
 [ 14 285  98   0   0  64  12   0  12  73   0   9 217 113  21   0   5  23
   42   0]
 [  6 110 245   7   0  51  76   2   6  99   0   1  57  45 120   2  15  13
  120   0]
 [  5  21  52 137   0   0  91  47  23   1   0   2   1  52 168   0 191   0
  199   0]
 [ 13  24  34 104   0   0  77  61  29   0   0   1   2  56 132  11 244   0
  206   2]
 [  3   4  24 190   0   0 298  15   9   1   0   1   0   8 322   0  46   0
   73   0]
 [  6  10  22 101   0   0 401   4   9   1   0   0   0   2 365   3  13   0
   62   0]
 [ 25  10  13  72   0   7  10 298  21   4   0   6  11  91  19   0 130   1
   36 237]
 [ 24 165 148  17   0  14  32   3  37  29   0   3  60 142  82   1  58   0
  169   0]
 [ 10  26  31  80   1   0  94  21  34   1   1   1   2  26 207  12 148   2
  293   0]
 [253  18   6   4   0   0  18   2 314   1   0 184   3   5  70   1  31   0
   77   0]
 [  3  11   8   1 300   1   6   3   9   0 133   0   1   2  62 372  25   0
   60   0]
 [  1   3   2 194   0   0  38 272   8   0   0   2   0   7  39   1 158   0
   32 153]
 [  0   1   2 172   2   0  63 267   1   1   2   0   0   4  84  23 214   0
   77  27]
 [ 11   1   5 148   3   0  50 208  27   0   0   0   0   6  60  14 148   0
   35  59]
 [  4   3   6  27  83   0  46  47   1   1  57   0   0   1  57 174  64   0
   53   4]]
--------------------
--------------------
Value of r =  5 

Homogeneity: 0.279
Completeness: 0.294
Adjusted Rand-Index: 0.104
V-measure: 0.286
Adjusted Mutual info score: 0.276
--------------------
--------------------
Value of r =  10 

Confusion Matrix is  [[ 81   0 200   1   1   0   9   1  56 116   0   0  14  65   0   0 127  46
   80   2]
 [113   7   1   5   0   0   0   8 295   5   1   0  25  75   0 252 153   0
   21  12]
 [ 69  29   0   3   0   0   0   2 158   4   2   0   7  37   7 562  83   0
   12  10]
 [114 224   0  11   0   0   0   2 194   1   6  47  10  18 105 111  97   0
   28  14]
 [ 88 171   0  10   0   0   0   4 308   3   2   1   8  21  47  49 226   0
   16   9]
 [150   1   0   1   0   0   0  15 254   2  13   0  25  78   0 308 101   0
   23  17]
 [121 108   1  28   0   3   0   1 284   4   1   1   5   0  31  32 320   0
   26   9]
 [306   7   0   8   0   0   0   4 177 104   0   0   2  30   0   2 249   0
   85  16]
 [314   7   5  40   0   0   0   2 151  42   0   0  28  85   0   0 143   0
  159  20]
 [ 84   0   0 493   0 141   0   1  95   3   0   0   1   1   0   0 143   0
   29   3]
 [ 16   0   0 465   0 436   0   0  32   1   0   0   0   2   0   0  39   0
    5   3]
 [ 52   0   0   2 249   0   7  10  52  36 443   0  23  29   0   9  35   0
   34  10]
 [190  28   0  18   0   0   0  14 373   8  11   0  22  40   2  24 182   0
   31  41]
 [211   0   4   6   0   0   2   2 300 135   0   0   5  23   0   4 236   1
   30  31]
 [ 66   2   0   3   0   0   1 284 108  20   0   0   6  22   0   2  69   0
   18 386]
 [ 59   1 483   1   0   0   2   2 125  36   0   0   5  19   0   1  51 201
    8   3]
 [100   0   1   2   2   0 164   3  26 382   4   0   8   9   0   0  84   0
  120   5]
 [ 42   0   2   1   0   0 357   0  43 389   0   0   2   3   0   0  92   2
    7   0]
 [ 60   0   5   8   1   0  73   4  45 273   1   0  63  80   0   0  97   1
   44  20]
 [ 70   0 162   2   0   0  16   0  68  92   1   0   2  21   0   0  85  68
   36   5]]
--------------------
--------------------
Value of r =  10 

Homogeneity: 0.304
Completeness: 0.343
Adjusted Rand-Index: 0.119
V-measure: 0.323
Adjusted Mutual info score: 0.302
--------------------
--------------------
Value of r =  20 

Confusion Matrix is  [[ 79   0   6   0   0   2 180   0   1 100   0 151   0   0   0 126  60   1
    0  93]
 [124   0 405   0   0   1 206   0   0   9   0   1   0   2   2   0  86  20
    0 117]
 [ 78   0 483   0   1   0 232   0   0   8   0   0   7   2  12   0  40   4
    0 118]
 [ 86   0 445   0   4   0 119   0   0   6   0   0 163   3   4   0  26  13
    0 113]
 [144   0 450   0   1   0 194   0   0   7   0   0  58  14   1   0  22  10
    0  62]
 [ 84   0 381   0   0   0 197   0   5   4   0   0   0   2   2   0  91  29
    0 193]
 [171   0 417   0   9   5 199   0   0   5   0   0  29  34   6   0   5   4
    0  91]
 [137   0  60   0   0   3 254   0   0 186   0   0   0  31   1   0  25  12
    0 281]
 [107   0  35   0   2   0 206   0   0  90   0   0   0   6   1   0  90  20
    0 439]
 [201   0  33   0 349   4 234   0   0  23   0   0   0   7   1   0   2   4
    0 136]
 [ 96   0  47   0 725   0  75   0   0   3   0   0   0   6   0   0   2   4
    0  41]
 [ 50   0  52   0   0  16 105   1 454  66   0   0   0   8  33   0  49  10
    0 147]
 [120   0 280  12   1   0 257   0   1  36   0   0   2   7   1   0  51  27
    0 189]
 [ 80   0  87   0   0   2 306   0   0 172   0   3   0   5   2   0  20  21
   78 214]
 [ 80   0  67  78   0   1 223   0   0  69   0   0   0   0  95   0  24 231
    0 119]
 [ 38   0  55   0   0   0 193   0   0  61   0 514   0   1   0   0  21   5
    0 109]
 [ 84   0   9   0   0  72 112   0   4 467   0   0   0   5   1   0  13   6
    0 137]
 [ 90 361  40   0   0   0 163   0   0  72 162   4   0   1   0   0   3   0
    0  44]
 [ 76   0  15   0   0   5 136 126   2 257   0   3   0  27   1   0   9  16
    0 102]
 [ 67   0  15   0   0   0 140   0   0  99   0 164   0   2   4  13  15   0
    2 107]]
--------------------
--------------------
Value of r =  20 

Homogeneity: 0.243
Completeness: 0.306
Adjusted Rand-Index: 0.087
V-measure: 0.271
Adjusted Mutual info score: 0.241
--------------------
--------------------
Value of r =  50 

Confusion Matrix is  [[  0   7  16  27   1   0 101   0   0   3   9   0   0 330  30   0   0   0
  178  97]
 [ 39  15   7  17   0   0 128  69   0   0  16   0   3 609  24   0   1   0
   45   0]
 [394  11  14  15   0   2  99  82   0   0   3   0   2 274  47   0   9   0
   33   0]
 [ 40  31  29   8   0  77 131 206   0   0   8   0   2 367  54   0   1   0
   28   0]
 [  6  13  22  16   0  30  99 162   0   0  18   1   2 520  14   0   1   0
   59   0]
 [ 80   3   4   3   0   0 218   8   0   0   6   0   2 604  37   0   2   0
   21   0]
 [ 20   8  14   6   0  10 127  58   0   0  11  10   8 641  29   0  13   0
   20   0]
 [  2  11  18  45   0   0 271   0   0   1  23   0   0 464  95   0   2   0
   58   0]
 [  0  12   9  10   0   0 280   0   0   0   5   0   9 391 170   0   0   0
  110   0]
 [  0  20   2  26   0   0 111   0   0   0  10 328   1 347  55   0  14   0
   80   0]
 [  0   0   6   2   0   0  60   0   0   0   4 651  28 185  17   0  21   0
   25   0]
 [  8  11   0   4 429   0 136   3   0   2   1   0   0 235  76   0   0   0
   86   0]
 [  1  11   1  11   0   1 170  23   0   0  16   2   1 555  71  12   3   0
  106   0]
 [  1   6   4   5   0   0 166   0  76   0   9   0   1 372  44   0   0   0
  304   2]
 [  1  13   2  44   0   0 104   0   0   0   3   0   0 615   8  80   4   0
  113   0]
 [  1   3   2  11   0   0  86   0   0   3   0   0   0 297  20   0   7   0
  187 380]
 [  0   3   9  33   6   0 124   2   0 233   7   0   2 211  54   0  14   0
  212   0]
 [  0   2  22  35   0   0  84   0   0   1   0   0  16 465  21   0   3 162
  126   3]
 [  0   1  22  21   2   0 128   0   0  58   7   0  16 258  50   0   0   0
  209   3]
 [  0   1  22  14   0   0  86   0   2  49   5   0   0 193  24   0   0   0
  113 119]]
--------------------
--------------------
Value of r =  50 

Homogeneity: 0.185
Completeness: 0.266
Adjusted Rand-Index: 0.039
V-measure: 0.218
Adjusted Mutual info score: 0.182
--------------------
--------------------
Value of r =  100 

Confusion Matrix is  [[  1   5   0   0   0 253  40  28  80   0   0  41   6   0   0   1   1   0
    0 343]
 [  0   6   3  12   0  46   0  19   2   0   5   0   9   0   0 144   8  20
    0 699]
 [  0   1  14  20  10  55   0  21   0   0   7   0  11   0  33 187   7  15
    0 604]
 [  0   3  12  17 152  55   0   8   2   1   0   0  16   1  14  15  12  11
    0 663]
 [  0   3   6  19  58  24   0  15   0   0   3   0  13   0  14   4   1 423
    0 380]
 [  5  13   8  28   0  28   0   3   1   0   3   0  12   0  11  80  11   2
    0 783]
 [  0   9   7  16  29  26   0   6   0  18   2   0   9   0   1   4   3  34
    0 811]
 [  0   8  21  43   0 109   0  48   0   0   2   0   6   1   0   3  19   2
    0 728]
 [  0  57  13  40   0  83   0  10   0   0  36   0  16   0   0   0   9   8
    0 724]
 [  0   5  17  24   0  85   0  32   0 141  12   0  28   0   0   1   3   8
    0 638]
 [  0   7   2   7   0  41   0   2   0 592   0   0   1   0   0   1   4  12
    0 330]
 [394   2   1   5   0 113   0   5   0   0   2   5  42   0   0  11   0   8
    0 403]
 [  1   5  22  58   2  98   0  13   0   1   1   0  17   3   0   5   6  23
    0 729]
 [  0   4   5  13   0 165  72   7   0   0   2   0  26   0   0   1   3   3
    0 689]
 [  0  22   1   1   0 101   0  48   0   0   1   0   8 110   0   3  29   3
    0 660]
 [  0  20   0   2   0 429   1  14   0   0   0   0  17   0   0   1   3   0
    0 510]
 [  2  15  12  26   0 251   1  38   0   0   5   0  31   0   0   2   2   2
    0 523]
 [  0   2   2   6   0 136   0  37   0   0   0   0   1   0   0   0   4   0
  161 591]
 [  1   0   6  25   0 199   0  27   0   0   0   0  16   0   0   0   6   1
    0 494]
 [  0   7   2  13   0 182  70  13  10   0   0  14  12   0   0   1   3   0
    0 301]]
--------------------
--------------------
Value of r =  100 

Homogeneity: 0.149
Completeness: 0.281
Adjusted Rand-Index: 0.019
V-measure: 0.195
Adjusted Mutual info score: 0.146
--------------------
--------------------
Value of r =  300 

Confusion Matrix is  [[ 22   0 285  13  19  60  70   1   1 116   1   0  67   1   2   0  66  25
   48   2]
 [ 46   3 360  18   0   0  70   0  36  41   1   2  48   1 209   0   0  66
   63   9]
 [ 53   0 350  18   0   0  90   0  91  39   1  26  47   3 153   0   0  18
   90   6]
 [ 55   0 239  17   0   0 114   0   4  33   3 167  35   4 164   1   0  24
  102  20]
 [ 31   0 464  15   0   0  72   0   5  31   1  58  33   3 158   0   0  18
   64  10]
 [ 69   0 325  24   0   0 118   0  27  17   0   3  51   0 137   2   0  67
  125  23]
 [ 43   1 547  23   0   1  59   0   0  13  16  60  25   1  85  32   0   5
   55   9]
 [ 98   1 376   7   0   0 142   0   1  62   0   0  32   1  72   0   0  19
  144  35]
 [ 95   0 355  22   0   0 174   0   0  37   2   0  29  12  38   0   0  46
  151  35]
 [ 51   0 405  35   0   0  97   0   0  63 112   1  82   3  41   1   0   2
   93   8]
 [ 26   0 490  10   0   0  54   0   0  77 229   0  42   0  22   3   0   3
   40   3]
 [ 59   1 361  22   0   0 172   0   7 100   0   4  62   1  20   1   0  33
  124  24]
 [ 37   3 435  16   0   0 112   0   2  44   0   8  44   4 145   0   0  37
   82  15]
 [ 43   0 409  23   0   0 132   0   0  87   0   0  47   1  88   0   0  12
  129  19]
 [ 43 245 385  10   0   0 115   0   1  45   0   1  34   0  26   0   0  16
   59   7]
 [ 37   1 313   7  81 171  87  56   1 122   0   1  35   1  22   0   0  13
   48   1]
 [ 59   0 357   7   0   0 132   0   1 131   0   0  53  23  10   0   0   9
  114  14]
 [ 19   0 550  15   2   2  85   0   0  92   0   0 101   2   3   0   0   4
   53  12]
 [ 52   0 258   9  34   2 136   0   0 118   0   0  19   1   8   0   0  17
  101  20]
 [ 45   0 213  13  27  62  70   4   0  65   1   0  35   2   2   0   0   5
   73  11]]
--------------------
--------------------
Value of r =  300 

Homogeneity: 0.092
Completeness: 0.127
Adjusted Rand-Index: 0.012
V-measure: 0.107
Adjusted Mutual info score: 0.089
--------------------
